205,403
205,405
205,502
205,503
205,504
205,505
205,506
205,703
205,704
205,801
403,205
403,405
403,502
403,503
403,504
403,505
403,506
403,703
403,704
403,801
405,205
405,403
405,502
405,503
405,504
405,505
405,506
405,703
405,704
405,801
502,205
502,403
502,405
502,503
502,504
502,505
502,506
502,703
502,704
502,801
503,205
503,403
503,405
503,502
503,504
503,505
503,506
503,703
503,704
503,801
504,205
504,403
504,405
504,502
504,503
504,505
504,506
504,703
504,704
504,801
505,205
505,403
505,405
505,502
505,503
505,504
505,506
505,703
505,704
505,801
506,205
506,403
506,405
506,502
506,503
506,504
506,505
506,703
506,704
506,801
703,205
703,403
703,405
703,502
703,503
703,504
703,505
703,506
703,704
703,801
704,205
704,403
704,405
704,502
704,503
704,504
704,505
704,506
704,703
704,801
801,205
801,403
801,405
801,502
801,503
801,504
801,505
801,506
801,703
801,704